+---------+---------+
| card_no | stud_no |
+---------+---------+
|     100 | 10      |
|     101 | 20      |
|     100 | 10      |
|     103 | 12      |
|     104 | 14      |
|     103 | 12      |
|     103 | 12      |
|     104 | 14      |
|     108 | 18      |
|     109 | 15      |
|     110 | 19      |
|     109 | 15      |
|     108 | 18      |
|     113 | 16      |
|     114 | 17      |
|     115 | 11      |
|     116 | 13      |
|     102 | 21      |
|     105 | 22      |
|     106 | 23      |
|     107 | 24      |
|     112 | 25      |
|     111 | 26      |
+---------+---------+
23 rows in set (0.00 sec)

